isin,symbols,canonical_symbol,first_date,last_date
INE007B01023,"['GEOJITBNPP', 'GEOJITFSL']",GEOJITFSL,2011-06-22,2026-10-01
INE009A01021,"['INFOSYSTCH', 'INFY']",INFY,2011-06-22,2026-10-01
INE00FF01025,"['ACUTAAS', 'AMIORG']",ACUTAAS,2025-04-25,2026-10-01
INE00LM01011,"['SONAMCLOCK', 'SONAMLTD']",SONAMLTD,2022-04-07,2024-05-09
INE00ZE01026,"['AFSL', 'AHL']",AFSL,2022-12-23,2026-10-01
INE010A01011,"['PRISMCEM', 'PRSMJOHNSN']",PRSMJOHNSN,2011-06-22,2026-10-01
INE010B01027,"['CADILAHC', 'ZYDUSLIFE']",ZYDUSLIFE,2015-10-07,2026-10-01
INE019C01026,"['HCIL', 'HSCL']",HSCL,2011-06-22,2026-10-01
INE019J01013,"['HEALTHX', 'MICROSEC', 'SASTASUNDR']",HEALTHX,2011-06-22,2026-10-01
INE020G01017,"['AFL', 'INSPIRISYS']",INSPIRISYS,2011-06-22,2026-10-01
INE023M01027,"['PRAKASHCON', 'SETUINFRA']",SETUINFRA,2012-12-14,2026-10-01
INE02WG01016,"['WEL', 'WFL']",WEL,2022-01-17,2024-11-11
INE034H01016,"['SORILINFRA', 'STOREONE']",SORILINFRA,2011-06-22,2022-08-17
INE034S01021,"['ARVINFRA', 'ARVSMART']",ARVSMART,2015-08-26,2026-10-01
INE035801013,"['AERONEU', 'SAH']",AERONEU,2023-01-12,2026-10-01
INE03Q201024,"['ALIVUS', 'GLS']",ALIVUS,2021-08-06,2026-10-01
INE03QK01018,"['COHANCE', 'SUVENPHAR']",COHANCE,2020-03-09,2026-10-01
INE043K01011,"['BSLIMITED', 'BSTRANSCOM']",BSLIMITED,2011-06-22,2014-01-21
INE045A01017,"['ADOR', 'ADORWELD']",ADOR,2011-06-22,2026-10-01
INE051B01021,"['VAKRANGEE', 'VAKRANSOFT']",VAKRANGEE,2012-04-13,2026-10-01
INE055A01016,"['ABREL', 'CENTURYTEX']",ABREL,2011-06-22,2026-10-01
INE055C01020,"['DALALSTCOM', 'KEEPLEARN']",KEEPLEARN,2021-03-25,2026-10-01
INE058A01010,"['AVENTIS', 'SANOFI']",SANOFI,2011-06-22,2026-10-01
INE05AN01011,"['HINDWAREAP', 'SHIL']",HINDWAREAP,2019-12-26,2026-10-01
INE05TO01019,"['AEROPLANE', 'AMIRCHAND']",AEROPLANE,2026-04-02,2026-10-01
INE060A01024,"['NAVNETEDUL', 'NAVNETPUBL']",NAVNETEDUL,2011-06-22,2026-10-01
INE065D01027,"['AEROENTER', 'SATINDLTD']",AEROENTER,2022-11-21,2026-10-01
INE065J01016,"['GISOLUTION', 'TPHQ']",TPHQ,2011-06-22,2023-12-13
INE067A01029,"['CGPOWER', 'CROMPGREAV']",CGPOWER,2011-06-22,2026-10-01
INE068D01021,"['AMTEKINDIA', 'CASTEXTECH']",CASTEXTECH,2011-06-22,2021-07-20
INE069I01010,"['EMBDL', 'IBREALEST']",EMBDL,2011-06-22,2026-10-01
INE070C01029,"['COMPINFO', 'COMPUAGE']",COMPINFO,2011-06-22,2017-02-16
INE071A01013,"['BILVYAPAR', 'BINANIIND']",BILVYAPAR,2011-06-22,2026-10-01
INE071N01016,"['EPIGRAL', 'MFL']",EPIGRAL,2021-08-18,2026-10-01
INE076H01017,"['EONELECT', 'INDOASIFU']",EONELECT,2011-06-22,2012-05-07
INE077F01035,"['GOCLCORP', 'GULFCORP']",GOCLCORP,2014-06-26,2026-10-01
INE07T201019,"['BURGERKING', 'RBA']",RBA,2020-12-14,2026-10-01
INE087J01028,"['GBGLOBAL', 'MIL']",GBGLOBAL,2019-06-07,2021-05-31
INE089C01029,"['STLTECH', 'STRTECH']",STLTECH,2011-06-22,2026-10-01
INE092T01019,"['IDFCBANK', 'IDFCFIRSTB']",IDFCFIRSTB,2015-11-06,2026-10-01
INE093R01011,"['LLOYDSENGG', 'LSIL']",LLOYDSENGG,2016-07-18,2026-10-01
INE094B01013,"['ASHIKA', 'ASHIKAG']",ASHIKAG,2026-04-20,2026-10-01
INE0DAB01012,"['REVATHIEQU', 'RVTH']",RVTH,2024-09-11,2026-10-01
INE0H9P01028,"['ARIS', 'ARISINFRA']",ARIS,2025-06-25,2026-10-01
INE0M4D01010,"['SETL', 'SGLTL']",SETL,2025-01-13,2026-10-01
INE102A01024,"['HLVLTD', 'HOTELEELA']",HLVLTD,2011-06-22,2026-10-01
INE105A01035,"['SUNCLAYLTD', 'TVSHLTD']",TVSHLTD,2012-10-23,2026-10-01
INE105C01023,"['3PLAND', 'PDUMJEIND']",3PLAND,2011-06-22,2026-10-01
INE111B01023,"['63MOONS', 'FINANTECH']",63MOONS,2011-06-22,2026-10-01
INE111Q01013,"['PDSL', 'PDSMFL']",PDSL,2014-10-21,2022-08-26
INE120D01012,"['HITECHCORP', 'HITECHPLAS']",HITECHCORP,2011-06-22,2026-10-01
INE121J01017,"['INDUSTOWER', 'INFRATEL']",INDUSTOWER,2012-12-28,2026-10-01
INE122J01015,"['PIRLIFE', 'PIRPHYTO']",PIRPHYTO,2011-06-22,2019-12-10
INE126M01010,"['IBULISL', 'IBULLSLTD', 'IBWSL', 'SORILHOLD', 'YAARI', 'YAARII']",IBULLSLTD,2011-08-18,2026-10-01
INE133A01011,"['AKZOINDIA', 'JSWDULUX']",JSWDULUX,2011-06-22,2026-10-01
INE136A01022,"['ISPATIND', 'JSWISPAT']",JSWISPAT,2011-06-22,2013-06-10
INE136B01020,"['CYIENT', 'INFOTECENT']",CYIENT,2011-06-22,2026-10-01
INE139B01016,"['UCAL', 'UCALFUEL']",UCAL,2011-06-22,2026-10-01
INE140A01024,"['PEL', 'PIRHEALTH']",PEL,2011-06-22,2025-09-22
INE141B01020,"['MVLIND', 'NOESISIND']",NOESISIND,2011-06-22,2019-12-23
INE142K01011,"['AURUS', 'LYPSAGEMS']",AURUS,2013-11-05,2026-10-01
INE143A01010,"['BINDALAGRO', 'OSWALGREEN']",OSWALGREEN,2011-06-22,2026-10-01
INE148I01020,"['IBULHSGFIN', 'SAMMAANCAP']",SAMMAANCAP,2013-07-23,2026-10-01
INE149A01033,"['CHOLAHLDNG', 'TIFIN']",CHOLAHLDNG,2017-09-25,2026-10-01
INE152B01027,"['ACLGATI', 'GATI']",ACLGATI,2011-06-22,2025-11-11
INE155A01022,"['TATAMOTORS', 'TMPV']",TMPV,2011-09-13,2026-10-01
INE158A01026,"['HEROHONDA', 'HEROMOTOCO']",HEROMOTOCO,2011-06-22,2026-10-01
INE161L01027,"['VIKASLIFE', 'VIKASMCORP']",VIKASLIFE,2019-05-08,2026-10-01
INE170I01016,"['HGS', 'HGSL']",HGS,2011-06-22,2026-10-01
INE172N01012,"['ADLABS', 'IMAGICAA']",IMAGICAA,2015-04-06,2026-10-01
INE180A01020,"['MAX', 'MFSL']",MFSL,2011-06-22,2026-10-01
INE180C01018,"['CGCL', 'MMFSL']",CGCL,2011-06-22,2016-11-23
INE180K01011,"['BHARATFIN', 'SKSMICRO']",BHARATFIN,2011-06-22,2019-07-02
INE181G01025,"['AJRINFRA', 'GAMMNINFRA']",AJRINFRA,2011-06-22,2023-10-03
INE189B01011,"['INEABS', 'INEOSSTYRO', 'STYABS', 'STYRENIX']",STYRENIX,2011-06-22,2026-10-01
INE191A01019,"['ORCHIDCHEM', 'ORCHIDPHAR']",ORCHIDPHAR,2011-06-22,2019-07-24
INE191H01014,"['PVR', 'PVRINOX']",PVRINOX,2011-06-22,2026-10-01
INE192A01025,"['TATACONSUM', 'TATAGLOBAL']",TATACONSUM,2011-06-22,2026-10-01
INE192B01031,"['WELSPUNIND', 'WELSPUNLIV']",WELSPUNLIV,2016-03-22,2026-10-01
INE193B01039,"['AYMSYNTEX', 'WELSYNTEX']",AYMSYNTEX,2015-08-14,2026-10-01
INE195N01013,"['PROZONE', 'PROZONECSC', 'PROZONER', 'PROZONINTU']",PROZONER,2012-09-12,2026-10-01
INE196Y01018,"['WORTH', 'WORTHPERI']",WORTHPERI,2020-08-04,2026-10-01
INE199A01012,"['MERCK', 'PGHL']",PGHL,2011-06-22,2026-10-01
INE200A01026,"['ALSTOMT&D', 'AREVAT&D', 'GET&D', 'GVT&D']",GVT&D,2011-06-22,2026-10-01
INE200F01017,"['DALMIAREF', 'SHRINATRAJ']",DALMIAREF,2012-01-02,2015-01-29
INE201K01015,"['EXPLEOSOL', 'SQSBFSI', 'THINKSOFT']",EXPLEOSOL,2011-06-22,2026-10-01
INE202B01012,"['DEWANHOUS', 'DHFL']",DHFL,2011-06-22,2021-06-11
INE202Z01029,"['SUNDARMHLD', 'TSFINV']",TSFINV,2018-03-27,2026-10-01
INE203Y01012,"['CRESTO', 'SILLYMONKS']",CRESTO,2020-07-08,2026-10-01
INE205A01025,"['SESAGOA', 'SSLT', 'VEDL']",VEDL,2011-06-22,2026-10-01
INE208C01025,"['AEGISCHEM', 'AEGISLOG']",AEGISLOG,2015-09-18,2026-10-01
INE209A01019,"['ATFL', 'SUNDROP']",SUNDROP,2011-06-22,2026-10-01
INE209L01016,"['CEBBCO', 'JWL']",JWL,2011-06-22,2026-10-01
INE214T01019,"['LTI', 'LTIM', 'LTM']",LTM,2016-07-21,2026-10-01
INE217A01012,"['ZUARIAGRO', 'ZUARIGLOB', 'ZUARIIND']",ZUARIIND,2011-06-22,2026-10-01
INE217G01027,"['GREENFIRE', 'PROSEED']",PROSEED,2012-10-16,2021-02-01
INE217G01035,"['EQUIPPP', 'PROINDIA']",EQUIPPP,2021-05-20,2026-10-01
INE218G01017,"['FOURSOFT', 'PALRED']",PALRED,2011-06-22,2015-07-07
INE220B01022,"['KALPATPOWR', 'KPIL']",KPIL,2011-06-22,2026-10-01
INE220J01025,"['FCEL', 'FCONSUMER', 'FVIL']",FCONSUMER,2013-07-04,2026-08-31
INE224E01028,"['GATECH', 'STAMPEDE']",GATECH,2016-07-25,2026-10-01
INE224E01036,"['GATECHDVR', 'SCAPDVR']",GATECHDVR,2017-10-10,2026-10-01
INE239D01028,"['OMINFRAL', 'OMMETALS']",OMINFRAL,2011-06-22,2026-10-01
INE245C01019,"['LEEL', 'LLOYDELENG']",LEEL,2011-06-22,2020-03-09
INE247G01024,"['COREEDUTEC', 'COREPROTEC']",COREEDUTEC,2011-06-22,2016-06-13
INE249C01011,"['FEDDERELEC', 'FEDDERLOYD']",FEDDERELEC,2011-06-22,2019-06-17
INE255A01020,"['EPL', 'ESSELPACK']",EPL,2011-06-22,2026-10-01
INE260D01016,"['GOLDINFRA', 'OLECTRA']",OLECTRA,2011-06-22,2026-10-01
INE268L01020,"['SHEKHAWATI', 'SPYL']",SHEKHAWATI,2013-04-12,2024-08-27
INE269B01029,"['LAXMIMACH', 'LMW']",LMW,2011-06-22,2026-10-01
INE272L01014,"['SURANASOL', 'SURANAVEL']",SURANASOL,2011-06-22,2014-11-25
INE273D01019,"['AARVEEDEN', 'VGL']",VGL,2011-06-22,2026-02-27
INE274G01010,"['DHANI', 'IBSEC', 'IBVENTURES']",DHANI,2011-06-22,2025-10-27
INE275B01026,"['HUHTAMAKI', 'PAPERPROD']",HUHTAMAKI,2011-06-22,2026-10-01
INE275F01019,"['HOTELRUGBY', 'UNIVAFOODS']",UNIVAFOODS,2011-06-22,2026-09-28
INE276A01018,"['GARFIBRES', 'GARWALLROP']",GARFIBRES,2011-06-22,2026-10-01
INE278R01034,"['DHARAN', 'KARDA', 'KBCGLOBAL']",DHARAN,2021-08-13,2026-10-01
INE285H01022,"['ATLANTA', 'ATLANTAA']",ATLANTAA,2011-06-22,2026-10-01
INE286H01012,"['VISACHROME', 'VISASTEEL']",VISACHROME,2011-06-22,2026-10-01
INE289C01025,"['TEAMGTY', 'TIMESGTY']",TEAMGTY,2011-06-22,2026-10-01
INE292A01015,"['LLOYDSTEEL', 'UTTAMVALUE']",UTTAMVALUE,2011-06-22,2016-03-23
INE292B01021,"['HBLENGINE', 'HBLPOWER']",HBLENGINE,2011-06-22,2026-10-01
INE294B01019,"['SMLISUZU', 'SMLMAH']",SMLMAH,2011-06-22,2026-10-01
INE295D01020,"['NACLIND', 'NAGAAGRI']",NACLIND,2017-04-07,2026-10-01
INE298J01013,"['NAM-INDIA', 'RNAM']",NAM-INDIA,2017-11-06,2026-10-01
INE311H01018,"['ELAND', 'MUDRA']",ELAND,2011-06-22,2019-09-23
INE313D01013,"['MOHOTAIND', 'MOHOTAMILL', 'RAIREKMOH']",MOHOTAIND,2011-07-13,2023-05-29
INE318D01020,"['ZENITHBIR', 'ZENITHSTL']",ZENITHSTL,2011-06-22,2026-10-01
INE319B01014,"['BYKE', 'THEBYKE']",BYKE,2011-12-30,2026-10-01
INE320X01016,"['HALEOSLABS', 'SMSLIFE']",HALEOSLABS,2017-08-17,2026-10-01
INE331A01037,"['MADRASCEM', 'RAMCOCEM']",RAMCOCEM,2011-06-22,2026-10-01
INE333I01036,"['NTL', 'SUJANATWR']",NTL,2013-09-11,2024-12-02
INE342J01019,"['WABCO-TVS', 'WABCOINDIA', 'ZFCVINDIA']",ZFCVINDIA,2011-06-22,2026-10-01
INE348N01042,"['KDGREEN', 'MANBRO']",KDGREEN,2026-08-17,2026-10-01
INE353A01023,"['HINDUJAVEN', 'NDLVENTURE', 'NXTDIGITAL']",NDLVENTURE,2011-06-22,2026-10-01
INE360L01017,"['AGRE', 'FMNL']",FMNL,2011-06-22,2026-10-01
INE382M01027,"['BARBEQUE', 'UFBL']",UFBL,2021-04-07,2026-10-01
INE382T01030,"['4THDIM', 'GVPTECH']",GVPTECH,2023-01-23,2026-10-01
INE388G01026,"['TCLCONS', 'TICL']",TICL,2023-10-16,2026-10-01
INE390H01012,"['KAMDHENU', 'KIL']",KAMDHENU,2011-06-22,2025-01-07
INE391J01024,"['JTLIND', 'JTLINFRA']",JTLIND,2021-12-23,2024-11-13
INE398B01018,"['MRO-TEK', 'UMIYA-MRO']",UMIYA-MRO,2011-06-22,2026-10-01
INE399K01017,"['IBPOW', 'RTNPOWER']",RTNPOWER,2011-06-22,2026-10-01
INE399L01023,"['ADANIGAS', 'ATGL']",ATGL,2018-11-05,2026-10-01
INE405E01023,"['MINDAIND', 'UNOMINDA']",UNOMINDA,2016-09-14,2026-10-01
INE409B01013,"['NUMERICPW', 'SWELECTES']",SWELECTES,2011-06-22,2026-10-01
INE415A01038,"['AGI', 'HSIL']",AGI,2011-06-22,2026-10-01
INE416A01044,"['AQYLON', 'SABTNL']",AQYLON,2024-04-02,2026-03-04
INE417C01014,"['PILANIINV', 'PILANIINVS']",PILANIINVS,2011-10-25,2026-10-01
INE418N01035,"['ESSENTIA', 'INTEGRA']",ESSENTIA,2022-02-07,2026-10-01
INE420C01042,"['PAISALO', 'SEINV']",PAISALO,2011-10-17,2022-06-30
INE425A01011,"['AHMEDFORGE', 'METALFORGE']",METALFORGE,2011-06-22,2024-05-17
INE425B01027,"['BCG', 'LYCOS']",BCG,2015-05-08,2026-10-01
INE425Y01011,"['CESCVENT', 'RPSGVENT']",RPSGVENT,2019-01-25,2026-10-01
INE429F01012,"['HORIZONINF', 'SKIL']",SKIL,2011-06-22,2026-09-28
INE431F01018,"['PERIATEA', 'PKTEA']",PKTEA,2011-06-23,2026-10-01
INE435A01028,"['ANDHRAPAP', 'ANDPAPER', 'APPAPER', 'IPAPPM']",ANDHRAPAP,2011-06-22,2024-09-10
INE435C01024,"['TEXINFRA', 'TEXMACOLTD']",TEXINFRA,2011-06-22,2026-10-01
INE439L01019,"['DALMIABEL', 'DALMIABHA']",DALMIABHA,2011-06-22,2018-11-28
INE450D01021,"['PITTIENG', 'PITTILAM']",PITTIENG,2015-04-17,2026-10-01
INE450G01024,"['MAXWELL', 'VIPCLOTHNG']",VIPCLOTHNG,2011-06-22,2026-10-01
INE452L01012,"['ADHUNIKIND', 'INCREDIBLE']",INCREDIBLE,2016-07-01,2026-10-01
INE455B01016,"['HALONIX', 'PHOENIXLL']",PHOENIXLL,2011-06-22,2017-09-11
INE460C01014,"['GANESHHOU', 'GANESHHOUC']",GANESHHOU,2011-06-22,2026-10-01
INE466L01020,"['360ONE', 'IIFLWAM']",360ONE,2019-09-19,2023-03-01
INE473A01011,"['BOC', 'LINDEINDIA']",LINDEINDIA,2011-06-22,2026-10-01
INE473D01015,"['HYDROS&S', 'KINGFA']",KINGFA,2011-06-22,2026-10-01
INE477B01010,"['DPL', 'DPTL', 'DVL']",DVL,2011-06-22,2026-10-01
INE479D01038,"['KRITI', 'KRITIIND']",KRITI,2011-10-25,2026-10-01
INE482D01024,"['ACRYSIL', 'CARYSIL']",CARYSIL,2021-01-14,2026-10-01
INE482J01021,"['GAL', 'SHAH']",SHAH,2016-10-14,2026-10-01
INE483S01020,"['CCAVENUE', 'INFIBEAM']",CCAVENUE,2017-09-01,2026-10-01
INE484C01030,"['TIDEWATER', 'VEEDOL']",VEEDOL,2021-07-27,2026-10-01
INE489L01022,"['IIFLCAPS', 'IIFLSEC']",IIFLCAPS,2019-09-20,2026-10-01
INE492A01029,"['CLNINDIA', 'HEUBACHIND', 'SUDARCOLOR']",SUDARCOLOR,2011-06-22,2026-10-01
INE498E01010,"['SALONA', 'SALONACOT']",SALONA,2011-06-22,2026-10-01
INE498L01015,"['L&TFH', 'LTF']",LTF,2011-08-12,2026-10-01
INE499A01024,"['DCMSHRIRAM', 'DCMSRMCONS']",DCMSHRIRAM,2011-06-22,2026-10-01
INE503A01015,"['DCB', 'DCBBANK']",DCBBANK,2011-06-22,2026-10-01
INE505A01010,"['DHARAMSI', 'DMCC']",DMCC,2021-12-01,2026-10-01
INE511C01022,"['MAGMA', 'POONAWALLA']",POONAWALLA,2011-06-22,2026-10-01
INE513A01014,"['FAGBEARING', 'SCHAEFFLER']",SCHAEFFLER,2011-06-22,2022-02-08
INE521J01018,"['CAREERP', 'CPCAP', 'CPIL']",CPCAP,2011-06-22,2026-10-01
INE529F01019,"['SIGNET', 'SIGNETIND']",SIGNET,2012-05-30,2015-08-18
INE530B01024,"['IIFL', 'INDIAINFO']",IIFL,2011-06-22,2026-10-01
INE536H01010,"['CIEINDIA', 'MAHINDCIE', 'MAHINDFORG']",CIEINDIA,2011-06-22,2026-10-01
INE538A01037,"['GFLLIMITED', 'GUJFLUORO']",GFLLIMITED,2011-06-22,2026-10-01
INE542F01012,"['PIPAVAVDOC', 'PIPAVAVYD', 'RDEL', 'RNAVAL']",RNAVAL,2011-06-22,2023-07-13
INE542W01017,"['KPIGLOBAL', 'KPIGREEN']",KPIGREEN,2021-07-27,2024-07-16
INE545A01024,"['HEG', 'HEGAM']",HEGAM,2024-10-18,2026-10-01
INE555B01013,"['AXIS-IT&T', 'AXISCADES']",AXISCADES,2011-06-22,2026-10-01
INE557A01011,"['BIRLANU', 'HIL', 'HYDRBADIND']",BIRLANU,2011-06-22,2026-10-01
INE559D01011,"['CREST', 'SHARRESLTD']",CREST,2011-06-22,2026-10-01
INE568Z01015,"['URAVI', 'URAVIDEF']",URAVIDEF,2023-07-05,2026-10-01
INE569C01020,"['ORIENTABRA', 'ORIENTCER']",ORIENTCER,2011-06-22,2026-10-01
INE570D01018,"['ARROWCOAT', 'ARROWGREEN']",ARROWGREEN,2015-05-21,2026-10-01
INE577L01016,"['SENTINEL', 'STEL']",STEL,2011-06-22,2026-10-01
INE586G01017,"['GULFPETRO', 'SAHPETRO']",GULFPETRO,2011-06-22,2026-10-01
INE586X01012,"['GTECJAINX', 'KEERTI']",GTECJAINX,2020-11-13,2026-10-01
INE589A01014,"['NEYVELILIG', 'NLCINDIA']",NLCINDIA,2011-06-22,2026-10-01
INE591G01017,"['COFORGE', 'NIITTECH']",COFORGE,2011-06-22,2025-06-03
INE592I01029,"['CRONIMET', 'METKORE']",METKORE,2011-11-04,2021-02-23
INE596H01014,"['HGM', 'HOVS']",HGM,2011-06-22,2026-10-01
INE600A01027,"['PILIND', 'PILITA']",PILITA,2013-10-09,2016-08-24
INE602A01023,"['PCBL', 'PHILIPCARB']",PCBL,2018-04-20,2022-04-11
INE606A01024,"['AMJLAND', 'PDUMJEPULP']",AMJLAND,2011-06-22,2026-10-01
INE607D01018,"['ORIENTBELL', 'ORIENTCERA']",ORIENTBELL,2011-06-22,2026-10-01
INE615H01020,"['TITAGARH', 'TWL']",TITAGARH,2015-04-24,2026-10-01
INE615R01029,"['DHANVARSHA', 'TRU']",TRU,2022-05-10,2026-10-01
INE617A01013,"['REVATHI', 'SEMAC']",SEMAC,2011-06-22,2026-10-01
INE618N01014,"['ANANDAMRUB', 'BALAXI']",BALAXI,2015-12-01,2024-05-29
INE619A01035,"['PATANJALI', 'RUCHI']",PATANJALI,2020-01-27,2026-10-01
INE619I01012,"['A2ZINFRA', 'A2ZMES']",A2ZINFRA,2011-06-22,2026-10-01
INE623B01027,"['FEL', 'FRL', 'PANTALOONR']",FEL,2011-06-22,2026-10-01
INE625G01013,"['WELENT', 'WELPROJ']",WELENT,2011-06-22,2026-10-01
INE628A01036,"['UNIPHOS', 'UPL']",UPL,2011-06-22,2026-10-01
INE632C01026,"['VIDHIDYE', 'VIDHIING']",VIDHIING,2016-03-02,2026-10-01
INE641C01019,"['KAVDEFENCE', 'KAVVERITEL']",KAVDEFENCE,2011-06-22,2026-10-01
INE643A01035,"['JTEKTINDIA', 'SONASTEER']",JTEKTINDIA,2011-06-22,2026-10-01
INE647O01011,"['ABFRL', 'PFRL']",ABFRL,2013-07-17,2026-10-01
INE650K01021,"['8KMILES', 'SECURKLOUD']",SECURKLOUD,2016-10-13,2026-10-01
INE664A01015,"['SURAJDIAMN', 'WINSOMEDJ']",WINSOMEDJ,2011-06-22,2015-03-23
INE665A01038,"['SWANCORP', 'SWANENERGY']",SWANCORP,2014-02-04,2026-10-01
INE666D01022,"['BORORENEW', 'BOROSIL']",BORORENEW,2018-05-25,2026-10-01
INE673G01013,"['BHARATIDIL', 'BHARTISHIP']",BHARATIDIL,2011-06-22,2019-01-31
INE674A01014,"['TATASPONGE', 'TATASTLLP']",TATASTLLP,2011-06-22,2023-11-16
INE676A01019,"['AGCNET', 'BBOX']",BBOX,2011-06-22,2022-05-16
INE677H01012,"['DEEPENR', 'DEEPIND']",DEEPENR,2011-06-22,2024-09-24
INE681C01015,"['KEYCORPSER', 'KEYFINSERV']",KEYFINSERV,2011-07-13,2026-10-01
INE686A01026,"['CEMPRO', 'ITDCEM']",CEMPRO,2015-08-24,2026-10-01
INE688I01017,"['CAPF', 'FCH']",CAPF,2011-06-22,2018-12-27
INE688J01015,"['EXCEL', 'EXCELINFO']",EXCEL,2011-06-22,2022-09-27
INE688J01023,"['EXCEL', 'LANDSMILL']",LANDSMILL,2022-09-28,2026-10-01
INE692G01013,"['CAMBRIDGE', 'XCHANGING']",XCHANGING,2011-06-22,2026-10-01
INE695B01025,"['COUNCODOS', 'NEOCURE']",COUNCODOS,2011-06-22,2026-10-01
INE700A01033,"['JUBILANT', 'JUBLPHARMA']",JUBLPHARMA,2011-06-22,2026-10-01
INE703H01016,"['ACKRUTI', 'HUBTOWN']",HUBTOWN,2011-06-22,2026-10-01
INE704H01022,"['CINELINE', 'CINEPRO']",CINELINE,2012-06-13,2026-10-01
INE716B01029,"['TIPSINDLTD', 'TIPSMUSIC']",TIPSMUSIC,2023-04-21,2026-10-01
INE721A01013,"['SHRIRAMFIN', 'SRTRANSFIN']",SHRIRAMFIN,2011-06-22,2025-01-09
INE722H01016,"['RGL', 'RJL']",RGL,2011-06-22,2022-07-19
INE725A01022,"['NAVA', 'NBVENTURES']",NAVA,2011-06-22,2025-01-17
INE726L01019,"['DELPHIFX', 'EBIXFOREX', 'WEIZFOREX']",DELPHIFX,2011-06-28,2026-02-12
INE732I01013,"['ANGELBRKG', 'ANGELONE']",ANGELONE,2020-10-05,2026-02-25
INE735M01018,"['SAMPANN', 'SEPOWER']",SAMPANN,2012-07-27,2026-10-01
INE737B01033,"['ADROITINFO', 'SPHEREGSL']",ADROITINFO,2015-10-13,2026-10-01
INE737D01021,"['MODISNME', 'MODISONLTD']",MODISONLTD,2021-05-03,2026-10-01
INE741L01018,"['DUCON', 'DYNATECH']",DUCON,2012-10-09,2026-10-01
INE742F01042,"['ADANIPORTS', 'MUNDRAPORT']",ADANIPORTS,2011-06-22,2026-10-01
INE743C01021,"['AIONJSW', 'JSWISPL']",JSWISPL,2018-09-14,2023-08-09
INE743M01012,"['ORIENTREF', 'RHIM']",RHIM,2012-03-12,2026-10-01
INE749B01020,"['ORTINGLOBE', 'ORTINLAB']",ORTINGLOBE,2021-03-30,2026-10-01
INE753W01010,"['AGASTYAEN', 'SANGINITA']",AGASTYAEN,2019-07-15,2026-10-01
INE756B01017,"['SHIV-VANI', 'SVOGL']",SVOGL,2011-06-22,2017-06-12
INE757A01017,"['COSMOFILMS', 'COSMOFIRST']",COSMOFIRST,2011-06-22,2026-10-01
INE757B01015,"['SHREYAS', 'TRANSWORLD']",TRANSWORLD,2011-06-22,2026-10-01
INE758T01015,"['ETERNAL', 'ZOMATO']",ETERNAL,2021-07-23,2026-10-01
INE759V01019,"['HEADSUP', 'TMRVL']",HEADSUP,2016-12-14,2026-10-01
INE760A01029,"['CAMLIN', 'KOKUYOCMLN']",KOKUYOCMLN,2011-06-22,2026-10-01
INE763I01026,"['TARIL', 'TRIL']",TARIL,2017-09-29,2026-10-01
INE775A01035,"['MOTHERSON', 'MOTHERSUMI']",MOTHERSON,2011-06-22,2026-10-01
INE776C01039,"['GMRAIRPORT', 'GMRINFRA']",GMRAIRPORT,2011-06-22,2026-10-01
INE778A01021,"['NATHSEED', 'TECHIN']",TECHIN,2011-09-08,2025-06-09
INE778K01012,"['EMAMIINFRA', 'EMAMIREAL']",EMAMIREAL,2011-06-22,2026-10-01
INE782A01015,"['BOSCH-HCIL', 'HITACHIHOM', 'JCHAC']",BOSCH-HCIL,2011-06-22,2026-10-01
INE793A01012,"['ACCELYA', 'KALECONSUL']",ACCELYA,2011-06-22,2026-10-01
INE797H01018,"['BHAGWATIHO', 'TGBHOTELS']",TGBHOTELS,2011-06-22,2026-10-01
INE800A01015,"['BIRLACABLE', 'BIRLAERIC']",BIRLACABLE,2011-06-22,2026-10-01
INE802B01019,"['LINC', 'LINCPEN']",LINC,2015-03-09,2024-12-19
INE806A01020,"['VIKASECO', 'VIKASGLOB']",VIKASECO,2014-03-31,2026-10-01
INE807F01027,"['SEQUENT', 'VIYASH']",VIYASH,2016-03-10,2026-10-01
INE818A01017,"['ANTELOPUS', 'SELAN']",ANTELOPUS,2011-06-22,2026-10-01
INE818H01020,"['DAAWAT', 'LTFOODS']",LTFOODS,2017-02-08,2026-10-01
INE824B01021,"['BHUSANSTL', 'TATASTLBSL']",TATASTLBSL,2011-06-22,2021-11-12
INE824G01012,"['JINDALSWHL', 'JSWHL']",JSWHL,2011-06-22,2026-10-01
INE831A01028,"['MIRCELECTR', 'ONIDA']",ONIDA,2011-06-22,2026-10-01
INE831Q01016,"['BKMINDST', 'MANAKINDST']",BKMINDST,2015-03-30,2024-11-25
INE834M01019,"['IBIPL', 'RTNINDIA', 'RTNINFRA']",RTNINDIA,2012-07-30,2026-10-01
INE835G01018,"['ALLDIGI', 'ALLSEC']",ALLDIGI,2011-06-22,2026-10-01
INE836A01035,"['BSOFT', 'KPIT']",BSOFT,2011-06-22,2026-10-01
INE844O01030,"['GUJENERGY', 'GUJGASLTD']",GUJENERGY,2019-01-16,2026-10-01
INE848A01014,"['IZMO', 'LOGIXMICRO']",IZMO,2011-06-22,2026-10-01
INE850E01012,"['LAKSHMIFIN', 'LFIC']",LFIC,2011-06-30,2026-10-01
INE854D01024,"['MCDOWELL-N', 'UNITDSPR']",UNITDSPR,2018-06-18,2026-10-01
INE855B01025,"['RAIN', 'RAINCOM']",RAIN,2011-06-22,2026-10-01
INE871C01012,"['AVANTI', 'AVANTIFEED']",AVANTIFEED,2011-06-22,2015-11-26
INE871H01011,"['GSS', 'GSSAMERICA']",GSS,2011-06-22,2026-10-01
INE875G01030,"['NANDANEXIM', 'NDL']",NDL,2012-03-23,2024-09-18
INE875R01011,"['BALKRISHNA', 'NIRVIKARA']",BALKRISHNA,2015-07-28,2026-10-01
INE878A01011,"['AIL', 'APIL', 'GEPIL', 'GVPIL']",GVPIL,2011-06-22,2026-10-01
INE884A01019,"['VAIBHAVGBL', 'VAIBHAVGEM']",VAIBHAVGBL,2011-06-22,2021-05-07
INE885A01032,"['AMARAJABAT', 'ARE&M']",ARE&M,2012-09-26,2026-10-01
INE886H01027,"['IBN18', 'TV18BRDCST']",TV18BRDCST,2011-06-22,2024-10-15
INE898S01029,"['AURUM', 'MAJESCO']",AURUM,2015-08-19,2026-10-01
INE899L01022,"['MBSWITCH', 'UJAAS']",UJAAS,2012-12-24,2023-11-02
INE900K01012,"['ASTERSILI', 'SHRIASTER']",SHRIASTER,2011-06-22,2017-05-02
INE910C01018,"['TTKHEALTH', 'TTKHLTCARE']",TTKHLTCARE,2011-06-22,2026-10-01
INE924D01017,"['FORTUNEFIN', 'THEINVEST']",THEINVEST,2017-08-02,2026-10-01
INE924H01018,"['ROMAN', 'TARMAT']",TARMAT,2011-06-22,2026-10-01
INE925Y01036,"['AURIGROW', 'GODHA']",AURIGROW,2022-03-25,2026-07-07
INE927C01020,"['DIGISPICE', 'SMOBILITY', 'SPICEMOBI', 'SPICEMOBIL']",DIGISPICE,2011-06-22,2026-10-01
INE928K01013,"['AANJANEYA', 'DRDATSONS']",DRDATSONS,2011-06-22,2015-05-21
INE931S01010,"['ADANIENSOL', 'ADANITRANS']",ADANIENSOL,2015-07-31,2026-10-01
INE933B01012,"['MEGASOFT', 'SIGMAADV']",SIGMAADV,2011-06-22,2026-10-01
INE933K01021,"['BAJAJCON', 'BAJAJCORP']",BAJAJCON,2011-06-22,2026-10-01
INE934B01028,"['MERCATOR', 'MLL']",MERCATOR,2011-06-22,2023-03-10
INE940H01014,"['HOPFL', 'PGIL']",PGIL,2011-06-22,2024-01-04
INE943C01027,"['LANCOIN', 'SRIPIPES']",SRIPIPES,2011-06-22,2022-01-12
INE945H01013,"['V2RETAIL', 'VISHALRET']",V2RETAIL,2011-06-22,2026-03-24
INE946H01037,"['VIPUL', 'VIPULLTD']",VIPULLTD,2011-06-22,2026-10-01
INE959A01019,"['ADI', 'FAIRCHEM', 'PRIVISCL']",PRIVISCL,2015-05-08,2026-10-01
INE964H01014,"['SEPC', 'SHRIRAMEPC']",SEPC,2011-06-22,2026-10-01
INE965H01011,"['SITICABLE', 'SITINET', 'WWIL']",SITINET,2011-06-22,2026-10-01
INE966A01022,"['DOLAT', 'DOLATALGO']",DOLATALGO,2019-08-19,2026-10-01
INE966H01019,"['ZEEMEDIA', 'ZEENEWS']",ZEEMEDIA,2011-06-22,2026-10-01
INE974C01022,"['JUMPNET', 'WINPRO']",WINPRO,2019-08-19,2023-04-28
INE980A01023,"['NUCENT', 'PRESSMN']",PRESSMN,2011-06-23,2023-09-21
INE985W01018,"['CNL', 'CREATIVE']",CNL,2019-08-05,2026-10-01
INE999A01015,"['KSB', 'KSBPUMPS']",KSB,2011-06-22,2024-07-24
